image_width: 1280
image_height: 1024
camera_name: camera1
camera_matrix:
  rows: 3
  cols: 3
  data: [1504.263177, 0, 604.427041, 0, 1501.712244, 498.278192, 0, 0, 1]
distortion_model: plumb_bob
distortion_coefficients:
  rows: 1
  cols: 5
  data: [-0.397275, 0.314763, 0.000340, 0.000288, -0.275152]
rectification_matrix:
  rows: 3
  cols: 3
  data: [1, 0, 0, 0, 1, 0, 0, 0, 1]
projection_matrix:
  rows: 3
  cols: 4
  data: [1393.479858, 0, 598.661166, 0, 0, 1430.508057, 496.67654, 0, 0, 0, 1, 0]
  


