%YAML:1.0
Transformation: !!opencv-matrix
   rows: 4
   cols: 4
   dt: d
   data: [ -8.6065355762190299e-01, 4.2777493382519916e-01, -2.7619569103012365e-01, -5.6183269924970847e-01,
       4.9351938791919459e-01, 8.3432421711398996e-01, -2.4564550572927352e-01, 1.9685209164003372e+00,
       1.2535576373116805e-01, -3.4772360680283648e-01, -9.2917932917785095e-01, 9.0846129135723341e+00, 
       0., 0., 0., 1. ]
