# oST version 5.0 parameters


[image]

width
1280

height
1024

[narrow_stereo/left]

camera matrix
1473.473483 0.000000 598.359498
0.000000 1468.716796 489.745431
0.000000 0.000000 1.000000

distortion
-0.381495 0.145731 0.004106 0.004386 0.000000

rectification
0.987611 0.010175 0.156589
-0.006110 0.999632 -0.026417
-0.156800 0.025133 0.987311

projection
11173.622255 0.000000 -6756.534443 0.000000
0.000000 11173.622255 -602.107372 0.000000
0.000000 0.000000 1.000000 0.000000

# oST version 5.0 parameters


[image]

width
1280

height
1024

[narrow_stereo/right]

camera matrix
1491.893966 0.000000 591.101949
0.000000 1491.831556 430.067346
0.000000 0.000000 1.000000

distortion
-0.435163 0.330171 0.000040 0.001733 0.000000

rectification
0.509194 -0.011525 0.860574
-0.014093 0.999665 0.021727
-0.860536 -0.023191 0.508861

projection
11173.622255 0.000000 -6756.534443 37002.673236
0.000000 11173.622255 -602.107372 0.000000
0.000000 0.000000 1.000000 0.000000

