image_width: 1280
image_height: 1024
camera_name: /stereo_front/right
camera_matrix:
  rows: 3
  cols: 3
  data: [1495.044952807282, 0, 652.9567130281819, 0, 1492.405737731503, 512.1505649721856, 0, 0, 1]
distortion_model: plumb_bob
distortion_coefficients:
  rows: 1
  cols: 5
  data: [-0.3842578553067577, 0.1828183411943184, -0.0002025108983991589, 0.002151444426019161, 0]
rectification_matrix:
  rows: 3
  cols: 3
  data: [0.9985784062214962, -0.02225921759569699, 0.04843236376808252, 0.02293978244484888, 0.9996451324315641, -0.01354162424762234, -0.04811375073219154, 0.0146334014469707, 0.9987346647396256]
projection_matrix:
  rows: 3
  cols: 4
  data: [1548.430468844258, 0, 533.0915412902832, -410.3781012025677, 0, 1548.430468844258, 525.4290161132812, 0, 0, 0, 1, 0]