image_width: 1600
image_height: 1200
camera_name: /stereo_back/left
camera_matrix:
  rows: 3
  cols: 3
  data: [1766.315001498336, 0, 776.9806988324741, 0, 1762.404520108414, 503.619199702022, 0, 0, 1]
distortion_model: plumb_bob
distortion_coefficients:
  rows: 1
  cols: 5
  data: [-0.3825967794484613, 0.1751786977793492, -0.0006494657066409397, 0.0004419712777921047, 0]
rectification_matrix:
  rows: 3
  cols: 3
  data: [0.9942724662173198, 0.02311070809843606, -0.1043463372300032, -0.02205174483342479, 0.99969307010004, 0.01129097620925729, 0.1045752526744745, -0.008925287958680818, 0.9944769257066373]
projection_matrix:
  rows: 3
  cols: 4
  data: [1751.342838207723, 0, 962.9477386474609, 0, 0, 1751.342838207723, 495.6181640625, 0, 0, 0, 1, 0]