image_width: 1600
image_height: 1200
camera_name: /stereo_back/right
camera_matrix:
  rows: 3
  cols: 3
  data: [1788.718261659959, 0, 766.2638271789316, 0, 1783.286408431597, 506.2048625053154, 0, 0, 1]
distortion_model: plumb_bob
distortion_coefficients:
  rows: 1
  cols: 5
  data: [-0.3980101541435623, 0.2268823544622093, 0.002015599280582324, 0.0004061029291089126, 0]
rectification_matrix:
  rows: 3
  cols: 3
  data: [0.9953523118511387, -0.02102111620876824, -0.09397812493304435, 0.02006762296175587, 0.9997372322462348, -0.01107957441885077, 0.09418633553365495, 0.009142162434320724, 0.9955126091942614]
projection_matrix:
  rows: 3
  cols: 4
  data: [1751.342838207723, 0, 962.9477386474609, -612.4103901889016, 0, 1751.342838207723, 495.6181640625, 0, 0, 0, 1, 0]