<?xml version="1.0"?>
<opencv_storage>
<F type_id="opencv-matrix">
  <rows>3</rows>
  <cols>3</cols>
  <dt>d</dt>
  <data>
    -1.4846043059100185e-08 1.3610465996975256e-06
    -9.1338293550164654e-04 -1.6114340539262747e-06
    5.6508653648691453e-07 9.0831369819386804e-02 2.0782444229814527e-03
    -9.2251903476413807e-02 1.</data></F>
<E type_id="opencv-matrix">
  <rows>3</rows>
  <cols>3</cols>
  <dt>d</dt>
  <data>
    -3.4941396400451637e-05 3.2193613369141875e-03
    -6.0307088274414767e-04 -3.8113212340552525e-03
    1.3432138623604827e-03 2.2264426304261964e-01 3.1030940971897439e-03
    -2.2263241818433643e-01 1.3878221438439686e-03</data></E>
<R_left type_id="opencv-matrix">
  <rows>3</rows>
  <cols>3</cols>
  <dt>d</dt>
  <data>
    9.9975639321977228e-01 1.4040956755970774e-02 1.7029555178247537e-02
    -1.3988666458389001e-02 9.9989707861819699e-01
    -3.1858093965671901e-03 -1.7072534284867054e-02
    2.9468125444744395e-03 9.9984991117113164e-01</data></R_left>
<R_right type_id="opencv-matrix">
  <rows>3</rows>
  <cols>3</cols>
  <dt>d</dt>
  <data>
    9.9989180880729023e-01 2.6181558265665080e-03 1.4474665459107774e-02
    -2.6625312454766218e-03 9.9999181238101709e-01
    3.0473100097542427e-03 -1.4466568613604690e-02
    -3.0855195667024238e-03 9.9989059299582939e-01</data></R_right>
<P_left type_id="opencv-matrix">
  <rows>3</rows>
  <cols>4</cols>
  <dt>d</dt>
  <data>
    9.2275358937312353e+02 0. 6.4941591644287109e+02 0. 0.
    9.2275358937312353e+02 4.9642307662963867e+02 0. 0. 0. 1. 0.</data></P_left>
<P_right type_id="opencv-matrix">
  <rows>3</rows>
  <cols>4</cols>
  <dt>d</dt>
  <data>
    9.2275358937312353e+02 0. 6.4941591644287109e+02 0. 0.
    9.2275358937312353e+02 4.9642307662963867e+02 0. 0. 0. 1. 0.</data></P_right>
<Q type_id="opencv-matrix">
  <rows>4</rows>
  <cols>4</cols>
  <dt>d</dt>
  <data>
    1. 0. 0. -6.4941591644287109e+02 0. 1. 0. -4.9642307662963867e+02 0.
    0. 0. 9.2275358937312353e+02 0. 0. 4.4907148346885428e+00 0.</data></Q>
<R type_id="opencv-matrix">
  <rows>3</rows>
  <cols>3</cols>
  <dt>d</dt>
  <data>
    9.9993245463333880e-01 1.1334550168165527e-02 2.5717977041584193e-03
    -1.1318356259874119e-02 9.9991656080687097e-01
    -6.2262537479445702e-03 -2.6421549008988896e-03
    6.1967246707082518e-03 9.9997730955298936e-01</data></R>
<T type_id="opencv-matrix">
  <rows>3</rows>
  <cols>1</cols>
  <dt>d</dt>
  <data>
    -2.2265760477232324e-01 -5.8301538239411495e-04
    -3.2232430675184841e-03</data></T>
</opencv_storage>
