<?xml version="1.0"?>
<opencv_storage>
<F type_id="opencv-matrix">
  <rows>3</rows>
  <cols>3</cols>
  <dt>d</dt>
  <data>
    -5.6714791277123217e-07 1.9805921152013270e-05
    -7.4351567502382579e-03 -1.3212024377338322e-05
    -1.4600755838688816e-06 -4.2770479824739666e-02
    4.1047843953243585e-03 4.4058113103202776e-02 1.</data></F>
<E type_id="opencv-matrix">
  <rows>3</rows>
  <cols>3</cols>
  <dt>d</dt>
  <data>
    2.4320820605809390e-03 -8.5444852350687869e-02
    -1.6282602901257673e-02 5.7389863487873990e-02
    6.3804327502969983e-03 5.7971035531740867e-01 2.7917208411529833e-02
    -5.7584177429650163e-01 6.0884137047023563e-03</data></E>
<R_left type_id="opencv-matrix">
  <rows>3</rows>
  <cols>3</cols>
  <dt>d</dt>
  <data>
    9.9397804207042306e-01 4.7142854782069511e-02
    -9.8920185628843443e-02 -4.7675078160129288e-02
    9.9885832517022455e-01 -3.0221119369944218e-03
    9.8664779958573395e-02 7.7199404875209800e-03 9.9509078164486842e-01</data></R_left>
<R_right type_id="opencv-matrix">
  <rows>3</rows>
  <cols>3</cols>
  <dt>d</dt>
  <data>
    9.8879194565533901e-01 2.9310185337490219e-02
    -1.4639467627824154e-01 -2.8520066995787935e-02
    9.9956513113063261e-01 7.4936243805802539e-03 1.4655065331033135e-01
    -3.2344494560020958e-03 9.8919787926937619e-01</data></R_right>
<P_left type_id="opencv-matrix">
  <rows>3</rows>
  <cols>4</cols>
  <dt>d</dt>
  <data>
    -3.2569335851978920e+01 0. 6.3193815931305289e+02 0. 0.
    -3.2569335851978920e+01 4.9098363079875708e+02 0. 0. 0. 1. 0.</data></P_left>
<P_right type_id="opencv-matrix">
  <rows>3</rows>
  <cols>4</cols>
  <dt>d</dt>
  <data>
    -3.2569335851978920e+01 0. 6.3193815931305289e+02 0. 0.
    -3.2569335851978920e+01 4.9098363079875708e+02 0. 0. 0. 1. 0.</data></P_right>
<Q type_id="opencv-matrix">
  <rows>4</rows>
  <cols>4</cols>
  <dt>d</dt>
  <data>
    1. 0. 0. -6.3193815931305289e+02 0. 1. 0. -4.9098363079875708e+02 0.
    0. 0. -3.2569335851978920e+01 0. 0. 1.7157676478434247e+00 0.</data></Q>
<R type_id="opencv-matrix">
  <rows>3</rows>
  <cols>3</cols>
  <dt>d</dt>
  <data>
    9.9865656654230328e-01 1.9258331072518491e-02 4.8105912175526989e-02
    -1.8839791362177696e-02 9.9978074883338997e-01
    -9.1387375263581108e-03 -4.8271361731029118e-02
    8.2201548919299539e-03 9.9880043286443609e-01</data></R>
<T type_id="opencv-matrix">
  <rows>3</rows>
  <cols>1</cols>
  <dt>d</dt>
  <data>
    -5.7629711511239112e-01 -1.7082840659882470e-02
    8.5323135951565682e-02</data></T>
</opencv_storage>
