<?xml version="1.0"?>
<opencv_storage>
<F type_id="opencv-matrix">
  <rows>3</rows>
  <cols>3</cols>
  <dt>d</dt>
  <data>
    -5.1874255402757833e-07 1.8333607884890268e-05
    -6.8428355488494887e-03 -1.2113871811300029e-05
    -1.3168475648784793e-06 -4.0687429072865586e-02
    3.7101060934568776e-03 4.1727293925495929e-02 9.9999999999999989e-01</data></F>
<E type_id="opencv-matrix">
  <rows>3</rows>
  <cols>3</cols>
  <dt>d</dt>
  <data>
    2.3393255142548303e-03 -8.3195192419379588e-02
    -1.6409612713401325e-02 5.5356232126488797e-02
    6.0552288795677105e-03 5.7882793095453500e-01 2.7635916811720833e-02
    -5.7509762186437530e-01 5.8352890630893953e-03</data></E>
<R_left type_id="opencv-matrix">
  <rows>3</rows>
  <cols>3</cols>
  <dt>d</dt>
  <data>
    9.9432029241451680e-01 4.6811542598781605e-02
    -9.5581565022929804e-02 -4.7302683695391416e-02
    9.9887645583802109e-01 -2.8778616519353466e-03
    9.5339457770242497e-02 7.3827807766710290e-03 9.9541744124768072e-01</data></R_left>
<R_right type_id="opencv-matrix">
  <rows>3</rows>
  <cols>3</cols>
  <dt>d</dt>
  <data>
    9.8931137390439361e-01 2.9486363739930160e-02
    -1.4280602164053810e-01 -2.8750320814421013e-02
    9.9956058274362891e-01 7.2152947468973258e-03 1.4295602301571339e-01
    -3.0324542227815111e-03 9.8972439583194960e-01</data></R_right>
<P_left type_id="opencv-matrix">
  <rows>3</rows>
  <cols>4</cols>
  <dt>d</dt>
  <data>
    -3.3347041922048113e+01 0. 6.2985200186073780e+02 0. 0.
    -3.3347041922048113e+01 4.9247352387942374e+02 0. 0. 0. 1. 0.</data></P_left>
<P_right type_id="opencv-matrix">
  <rows>3</rows>
  <cols>4</cols>
  <dt>d</dt>
  <data>
    -3.3347041922048113e+01 0. 6.2985200186073780e+02 0. 0.
    -3.3347041922048113e+01 4.9247352387942374e+02 0. 0. 0. 1. 0.</data></P_right>
<Q type_id="opencv-matrix">
  <rows>4</rows>
  <cols>4</cols>
  <dt>d</dt>
  <data>
    1. 0. 0. -6.2985200186073780e+02 0. 1. 0. -4.9247352387942374e+02 0.
    0. 0. -3.3347041922048113e+01 0. 0. 1.7189414287976659e+00 0.</data></Q>
<R type_id="opencv-matrix">
  <rows>3</rows>
  <cols>3</cols>
  <dt>d</dt>
  <data>
    9.9868169164055764e-01 1.8648585942299963e-02 4.7823728674233026e-02
    -1.8252120805088354e-02 9.9979544651389596e-01
    -8.7135076861040890e-03 -4.7976440760757424e-02
    7.8291361229695343e-03 9.9881778406248733e-01</data></R>
<T type_id="opencv-matrix">
  <rows>3</rows>
  <cols>1</cols>
  <dt>d</dt>
  <data>
    -5.7553524356928165e-01 -1.7153792005905874e-02
    8.3077886918127508e-02</data></T>
</opencv_storage>
