# oST version 5.0 parameters


[image]

width
1280

height
1024

[narrow_stereo/left]

camera matrix
1502.183122 0.000000 608.342160
0.000000 1500.243093 538.752054
0.000000 0.000000 1.000000

distortion
-0.388213 0.199420 -0.004004 -0.000635 0.000000

rectification
0.682248 -0.396585 0.614213
0.377558 0.910521 0.168526
-0.626089 0.116925 0.770935

projection
11148.966966 0.000000 -97.932072 0.000000
0.000000 11148.966966 300.820390 0.000000
0.000000 0.000000 1.000000 0.000000

# oST version 5.0 parameters


[image]

width
1280

height
1024

[narrow_stereo/right]

camera matrix
1511.954569 0.000000 652.948079
0.000000 1507.888367 493.317274
0.000000 0.000000 1.000000

distortion
-0.386962 0.175071 0.003312 -0.000140 0.000000

rectification
0.989776 0.087187 -0.112880
-0.090336 0.995644 -0.023080
0.110376 0.033041 0.993340

projection
11148.966966 0.000000 -97.932072 -22264.783756
0.000000 11148.966966 300.820390 0.000000
0.000000 0.000000 1.000000 0.000000

