<?xml version="1.0"?>
<opencv_storage>
<F type_id="opencv-matrix">
  <rows>3</rows>
  <cols>3</cols>
  <dt>d</dt>
  <data>
    -8.1720838253160752e-07 3.2273612471984678e-06
    3.0402388321812569e-03 2.1866828796326952e-05
    -3.5101260174152896e-06 -4.9276550922243229e-02
    7.4725530192667313e-03 4.4879475945161236e-02 1.</data></F>
<E type_id="opencv-matrix">
  <rows>3</rows>
  <cols>3</cols>
  <dt>d</dt>
  <data>
    5.0111396432431912e-02 -1.9797255211223549e-01
    -1.6834304394364213e-01 -1.3376540081077071e+00
    2.1480006492312298e-01 1.4849965197228419e+00
    -7.2121731745969642e-01 -1.8399626577290551e+00
    -3.6000061295826097e-01</data></E>
<R_left type_id="opencv-matrix">
  <rows>3</rows>
  <cols>3</cols>
  <dt>d</dt>
  <data>
    6.5753992318045740e-01 -3.8450746090812804e-01
    6.4791609173551379e-01 3.6977203979513557e-01 9.1396699525965275e-01
    1.6713159534267236e-01 -6.5643726890662069e-01
    1.2968555849448504e-01 7.4314989598895220e-01</data></R_left>
<R_right type_id="opencv-matrix">
  <rows>3</rows>
  <cols>3</cols>
  <dt>d</dt>
  <data>
    9.9136410529924190e-01 8.9044950232498477e-02
    -9.6271530383211401e-02 -9.1010305400826802e-02
    9.9571799048490328e-01 -1.6211345889667252e-02
    9.4415756286130359e-02 2.4833047795187552e-02 9.9522308288248618e-01</data></R_right>
<P_left type_id="opencv-matrix">
  <rows>3</rows>
  <cols>4</cols>
  <dt>d</dt>
  <data>
    1.3322233723744928e+03 0. -1.6975767135620117e+02 0. 0.
    1.3322233723744928e+03 2.8688137292861938e+02 0. 0. 0. 1. 0.</data></P_left>
<P_right type_id="opencv-matrix">
  <rows>3</rows>
  <cols>4</cols>
  <dt>d</dt>
  <data>
    1.3322233723744928e+03 0. -1.6975767135620117e+02 0. 0.
    1.3322233723744928e+03 2.8688137292861938e+02 0. 0. 0. 1. 0.</data></P_right>
<Q type_id="opencv-matrix">
  <rows>4</rows>
  <cols>4</cols>
  <dt>d</dt>
  <data>
    1. 0. 0. 1.6975767135620117e+02 0. 1. 0. -2.8688137292861938e+02 0.
    0. 0. 1.3322233723744928e+03 0. 0. 4.9550104959524482e-01 0.</data></Q>
<R type_id="opencv-matrix">
  <rows>3</rows>
  <cols>3</cols>
  <dt>d</dt>
  <data>
    5.5623039017366382e-01 -4.5212295024428073e-01
    6.9727511852185120e-01 4.1043794406450029e-01 8.7903541984131706e-01
    2.4256426929064789e-01 -7.2259839961029526e-01
    1.5126654794371269e-01 6.7451462871744505e-01</data></R>
<T type_id="opencv-matrix">
  <rows>3</rows>
  <cols>1</cols>
  <dt>d</dt>
  <data>
    -2.0007305859574824e+00 -1.7970688519274725e-01
    1.9429127438146035e-01</data></T>
</opencv_storage>
