<?xml version="1.0"?>
<opencv_storage>
<width>1296</width>
<height>966</height>
<M type_id="opencv-matrix">
  <rows>3</rows>
  <cols>3</cols>
  <dt>f</dt>
  <data>
    4.13982758e+02 0. 6.01515625e+02 0. 4.19339905e+02 4.88851685e+02 0.
    0. 1.</data></M>
<D type_id="opencv-matrix">
  <rows>1</rows>
  <cols>5</cols>
  <dt>f</dt>
  <data>
    -2.53723413e-01 6.57182783e-02 3.76748759e-03 8.99086427e-03
    -6.81417761e-03</data></D>
</opencv_storage>
