<?xml version="1.0"?>
<opencv_storage>
<width>1296</width>
<height>966</height>
<M type_id="opencv-matrix">
  <rows>3</rows>
  <cols>3</cols>
  <dt>f</dt>
  <data>
    3.93198486e+02 0. 6.82587708e+02 0. 3.95567688e+02 4.70327240e+02 0.
    0. 1.</data></M>
<D type_id="opencv-matrix">
  <rows>1</rows>
  <cols>5</cols>
  <dt>f</dt>
  <data>
    -2.59275854e-01 6.59552440e-02 2.32075341e-03 -3.44027369e-03
    -6.93615619e-03</data></D>
</opencv_storage>
