<?xml version="1.0"?>
<opencv_storage>
<width>1296</width>
<height>966</height>
<M type_id="opencv-matrix">
  <rows>3</rows>
  <cols>3</cols>
  <dt>f</dt>
  <data>
    9.67582642e+02 0. 6.63465820e+02 0. 9.72347595e+02 4.91909760e+02 0.
    0. 1.</data></M>
<D type_id="opencv-matrix">
  <rows>1</rows>
  <cols>5</cols>
  <dt>f</dt>
  <data>
    -6.49262220e-02 1.44217953e-01 2.75566708e-03 6.90797518e-04
    -1.02164835e-01</data></D>
</opencv_storage>
