<?xml version="1.0"?>
<opencv_storage>
<width>1296</width>
<height>966</height>
<M type_id="opencv-matrix">
  <rows>3</rows>
  <cols>3</cols>
  <dt>f</dt>
  <data>
    4.11121460e+02 0. 6.01018982e+02 0. 4.16595825e+02 4.88512604e+02 0.
    0. 1.</data></M>
<D type_id="opencv-matrix">
  <rows>1</rows>
  <cols>5</cols>
  <dt>f</dt>
  <data>
    -2.52346277e-01 6.47567511e-02 3.86059121e-03 8.77556391e-03
    -6.63554342e-03</data></D>
</opencv_storage>
