<?xml version="1.0"?>
<opencv_storage>
<width>1280</width>
<height>1024</height>
<M type_id="opencv-matrix">
  <rows>3</rows>
  <cols>3</cols>
  <dt>f</dt>
  <data>
    1.50854407e+03 0. 6.51831238e+02 0. 1.50491614e+03 4.94029541e+02 0.
    0. 1.</data></M>
<D type_id="opencv-matrix">
  <rows>1</rows>
  <cols>5</cols>
  <dt>f</dt>
  <data>
    -3.86885673e-01 1.82316855e-01 3.27995163e-03 5.98162660e-05
    -2.35917047e-02</data></D>
</opencv_storage>
